>gi|157149578|ref|NC_009795.1| Campylobacter concisus 13826 plasmid pCCON31, complete sequence
orf00001        1     1293  +1     8.62
orf00002     1591     2277  +1     5.95
orf00003     2280     2501  +3     8.93
orf00005     2869     4641  +1    12.18
orf00007     4651     9810  +1     9.44
orf00008     9807    10121  +3     9.19
orf00009    10511    11440  +2    11.51
orf00011    11437    12048  +1     7.06
orf00012    12118    12291  +1     6.53
orf00013    12291    12734  +3     8.48
orf00014    12790    13164  +1     9.89
orf00015    13584    13859  +3     8.84
orf00016    13891    14250  +1    10.63
orf00017    14330    15547  +2    10.20
orf00018    15547    18306  +1    11.96
orf00019    18650    18429  -3     6.66
orf00021    19477    18662  -2     3.53
orf00022    20677    19721  -2     7.40
orf00024    20841    20674  -1     1.81
orf00025    22184    21012  -3    10.99
orf00026    22793    22302  -3     5.62
orf00027    23128    22940  -2     4.71
orf00028    24069    23905  -1     2.25
orf00030    24515    24162  -3    11.78
orf00031    24739    24512  -2     6.58
orf00032    25769    24780  -3     8.28
orf00033    26057    26170  +2     8.62
orf00034    26360    26617  +2    11.55
orf00035    26785    27987  +1     9.95
orf00037    28055    28219  +2     3.34
orf00038    28564    28448  -2     3.98
orf00039    28979    29851  +2     9.20
orf00040    29851    30249  +1     8.17
